+--------------------------------------------------------------------------------------------------------------------------------------------------------------------------------------------------------------------------------------------------------+
; Legal Partition Candidates                                                                                                                                                                                                                             ;
+---------------------------------------------------+-------+----------------+--------------+----------------+--------+-----------------+---------------+-----------------+-------+----------------+--------------+------------------+-------------------+
; Hierarchy                                         ; Input ; Constant Input ; Unused Input ; Floating Input ; Output ; Constant Output ; Unused Output ; Floating Output ; Bidir ; Constant Bidir ; Unused Bidir ; Input only Bidir ; Output only Bidir ;
+---------------------------------------------------+-------+----------------+--------------+----------------+--------+-----------------+---------------+-----------------+-------+----------------+--------------+------------------+-------------------+
; U2|\GEN_ENEMY:4:ENEMY_INST|r1                     ; 13    ; 8              ; 0            ; 8              ; 11     ; 8               ; 8             ; 8               ; 0     ; 0              ; 0            ; 0                ; 0                 ;
; U2|\GEN_ENEMY:4:ENEMY_INST                        ; 5     ; 3              ; 0            ; 3              ; 20     ; 3               ; 3             ; 3               ; 0     ; 0              ; 0            ; 0                ; 0                 ;
; U2|\GEN_ENEMY:3:ENEMY_INST|r1                     ; 13    ; 8              ; 0            ; 8              ; 11     ; 8               ; 8             ; 8               ; 0     ; 0              ; 0            ; 0                ; 0                 ;
; U2|\GEN_ENEMY:3:ENEMY_INST                        ; 5     ; 3              ; 0            ; 3              ; 20     ; 3               ; 3             ; 3               ; 0     ; 0              ; 0            ; 0                ; 0                 ;
; U2|\GEN_ENEMY:2:ENEMY_INST|r1                     ; 13    ; 8              ; 0            ; 8              ; 11     ; 8               ; 8             ; 8               ; 0     ; 0              ; 0            ; 0                ; 0                 ;
; U2|\GEN_ENEMY:2:ENEMY_INST                        ; 5     ; 3              ; 0            ; 3              ; 20     ; 3               ; 3             ; 3               ; 0     ; 0              ; 0            ; 0                ; 0                 ;
; U2|\GEN_ENEMY:1:ENEMY_INST|r1                     ; 13    ; 8              ; 0            ; 8              ; 11     ; 8               ; 8             ; 8               ; 0     ; 0              ; 0            ; 0                ; 0                 ;
; U2|\GEN_ENEMY:1:ENEMY_INST                        ; 5     ; 3              ; 0            ; 3              ; 20     ; 3               ; 3             ; 3               ; 0     ; 0              ; 0            ; 0                ; 0                 ;
; U2|\GEN_ENEMY:0:ENEMY_INST|r1                     ; 13    ; 8              ; 0            ; 8              ; 11     ; 8               ; 8             ; 8               ; 0     ; 0              ; 0            ; 0                ; 0                 ;
; U2|\GEN_ENEMY:0:ENEMY_INST                        ; 5     ; 3              ; 0            ; 3              ; 20     ; 3               ; 3             ; 3               ; 0     ; 0              ; 0            ; 0                ; 0                 ;
; U2                                                ; 26    ; 20             ; 0            ; 20             ; 23     ; 20              ; 20            ; 20              ; 0     ; 0              ; 0            ; 0                ; 0                 ;
; U1|video_PLL_inst|altpll_component|auto_generated ; 2     ; 0              ; 0            ; 0              ; 5      ; 0               ; 0             ; 0               ; 0     ; 0              ; 0            ; 0                ; 0                 ;
; U1|video_PLL_inst                                 ; 1     ; 0              ; 0            ; 0              ; 1      ; 0               ; 0             ; 0               ; 0     ; 0              ; 0            ; 0                ; 0                 ;
; U1                                                ; 4     ; 0              ; 0            ; 0              ; 27     ; 0               ; 0             ; 0               ; 0     ; 0              ; 0            ; 0                ; 0                 ;
+---------------------------------------------------+-------+----------------+--------------+----------------+--------+-----------------+---------------+-----------------+-------+----------------+--------------+------------------+-------------------+
